{
  "advancedEditorSelectedIdentifier" : "ProjectBrowser",
  "openSceneRelativePaths" : [
    "Scene.usda",
    "80s Room.usda",
    "90s Room.usda",
    "70s Room.usda",
    "00s Room.usda"
  ],
  "recentIdentifiers" : {
    "8B3184F0-9B6C-4672-98D5-77F12250C4D0" : [

    ]
  },
  "sceneCameraHistory" : {
    "8B3184F0-9B6C-4672-98D5-77F12250C4D0" : [
      {
        "date" : 744678407.09426,
        "title" : "Untitled",
        "transform" : [
          -0.14565949,
          7.993878e-09,
          0.9893348,
          0,
          0.40445372,
          0.9126178,
          0.059547607,
          0,
          -0.90288454,
          0.40881386,
          -0.13293138,
          0,
          -11.020174,
          5.337371,
          -4.080353,
          1
        ]
      },
      {
        "date" : 744678393.631312,
        "title" : "Untitled",
        "transform" : [
          -0.14565949,
          7.993878e-09,
          0.9893348,
          0,
          0.40445372,
          0.9126178,
          0.059547607,
          0,
          -0.90288454,
          0.40881386,
          -0.13293138,
          0,
          -11.582861,
          5.596158,
          0.53735256,
          1
        ]
      },
      {
        "date" : 744678380.340774,
        "title" : "Untitled",
        "transform" : [
          -0.14565949,
          7.993878e-09,
          0.9893348,
          0,
          0.40445372,
          0.9126178,
          0.059547607,
          0,
          -0.90288454,
          0.40881386,
          -0.13293138,
          0,
          -11.474993,
          7.105054,
          4.445116,
          1
        ]
      },
      {
        "date" : 744678365.424031,
        "title" : "Untitled",
        "transform" : [
          -0.19843099,
          7.983874e-09,
          0.9801149,
          0,
          0.38394356,
          0.9200788,
          0.077732004,
          0,
          -0.901783,
          0.39173326,
          -0.18257208,
          0,
          -11.660498,
          6.898178,
          3.8091383,
          1
        ]
      },
      {
        "date" : 744678355.744702,
        "title" : "Untitled",
        "transform" : [
          0.048390694,
          7.963108e-09,
          0.99882853,
          0,
          0.39478147,
          0.91857594,
          -0.01912617,
          0,
          -0.91749984,
          0.39524448,
          0.04445058,
          0,
          -10.355606,
          6.938451,
          6.5256314,
          1
        ]
      },
      {
        "date" : 744678343.523607,
        "title" : "Untitled",
        "transform" : [
          0.048390694,
          7.963108e-09,
          0.99882853,
          0,
          0.39478147,
          0.91857594,
          -0.01912617,
          0,
          -0.91749984,
          0.39524448,
          0.04445058,
          0,
          -18.403015,
          11.922248,
          11.245914,
          1
        ]
      },
      {
        "date" : 744678311.936973,
        "title" : "Untitled",
        "transform" : [
          -0.91335016,
          7.79304e-09,
          -0.40717503,
          0,
          -0.1662718,
          0.9128233,
          0.37297076,
          0,
          0.37167886,
          0.4083546,
          -0.8337273,
          0,
          -1.3429515,
          7.028421,
          -16.677225,
          1
        ]
      },
      {
        "date" : 744678308.1896,
        "title" : "Untitled",
        "transform" : [
          -0.92624575,
          -1.4757324e-08,
          -0.37691996,
          0,
          -0.25171512,
          0.7443219,
          0.61856633,
          0,
          0.28054985,
          0.6678209,
          -0.6894251,
          0,
          -1.3429515,
          7.028421,
          -16.677225,
          1
        ]
      },
      {
        "date" : 744678304.338476,
        "title" : "Untitled",
        "transform" : [
          -0.9269516,
          -1.4757324e-08,
          -0.3751809,
          0,
          -0.25055376,
          0.7443219,
          0.6190377,
          0,
          0.27925545,
          0.6678209,
          -0.68995047,
          0,
          1.9700837,
          1.9699847,
          -4.8835697,
          1
        ]
      },
      {
        "date" : 744678302.621577,
        "title" : "Untitled",
        "transform" : [
          -0.9269516,
          -1.4757324e-08,
          -0.3751809,
          0,
          -0.25055376,
          0.7443219,
          0.6190377,
          0,
          0.27925545,
          0.6678209,
          -0.68995047,
          0,
          2.0211377,
          2.011848,
          -4.822385,
          1
        ]
      }
    ]
  },
  "sceneViewportBackgroundColors" : {

  },
  "selectedSceneRelativePath" : "80s Room.usda"
}